data/lcs/Metzger_0.023202_0.260000_0.450000.dat
# %ECSV 0.9
# ---
# datatype:
# - {name: time, datatype: float64}
# - {name: sdss_u, datatype: float64}
# - {name: sdss_g, datatype: float64}
# - {name: sdss_r, datatype: float64}
# - {name: sdss_i, datatype: float64}
# - {name: sdss_z, datatype: float64}
# - {name: PS1_y, datatype: float64}
# - {name: ukirt_J, datatype: float64}
# - {name: ukirt_H, datatype: float64}
# - {name: ukirt_K, datatype: float64}
# - {name: johnson_U, datatype: float64}
# - {name: johnson_B, datatype: float64}
# - {name: johnson_V, datatype: float64}
# - {name: johnson_R, datatype: float64}
# - {name: johnson_I, datatype: float64}
# meta: !!omap
# - comment: [vej = 0.25999999999999995, mej = 0.023201562933498177, Ye = 0.45, redshift = 0.0]
# schema: astropy-2.0
time sdss_u sdss_g sdss_r sdss_i sdss_z PS1_y ukirt_J ukirt_H ukirt_K johnson_U johnson_B johnson_V johnson_R johnson_I
[from data line 1551]
77.650000 371.305309 268.464935 203.366377 161.924374 136.598426 120.733587 88.547050 59.868852 40.983131 358.975917 297.132622 230.697259 195.443275 134.045876
77.700000 371.545078 268.642458 203.504379 162.037138 136.695720 120.821166 88.614839 59.918865 41.021310 359.208232 297.327515 230.851869 195.576459 134.141608
77.750000 371.784840 268.819976 203.642378 162.149899 136.793012 120.908743 88.682627 59.968878 41.059488 359.440540 297.522402 231.006475 195.709638 134.237338
77.800000 372.024595 268.997489 203.780373 162.262657 136.890301 120.996318 88.750412 60.018890 41.097666 359.672842 297.717284 231.161076 195.842814 134.333066
77.850000 372.264343 269.174996 203.918364 162.375412 136.987588 121.083891 88.818197 60.068901 41.135843 359.905136 297.912160 231.315673 195.975986 134.428791
77.900000 372.504083 269.352499 204.056352 162.488164 137.084872 121.171462 88.885980 60.118911 41.174020 360.137424 298.107031 231.470266 196.109155 134.524514
77.950000 372.743817 269.529997 204.194336 162.600914 137.182155 121.259031 88.953762 60.168920 41.212197 360.369704 298.301896 231.624854 196.242320 134.620235
78.000000 372.983543 269.707490 204.332316 162.713660 137.279434 121.346598 89.021542 60.218929 41.250373 360.601978 298.496755 231.779438 196.375482 134.715953
78.050000 373.223263 269.884978 204.470293 162.826404 137.376712 121.434163 89.089321 60.268937 41.288548 360.834245 298.691609 231.934018 196.508640 134.811669
78.100000 373.462975 270.062460 204.608265 162.939145 137.473987 121.521725 89.157099 60.318944 41.326724 361.066506 298.886457 232.088594 196.641795 134.907383
78.150000 373.702680 270.239938 204.746234 163.051883 137.571260 121.609286 89.224875 60.368950 41.364899 361.298759 299.081300 232.243166 196.774946 135.003095
78.200000 373.942379 270.417411 204.884200 163.164618 137.668530 121.696845 89.292650 60.418955 41.403073 361.531006 299.276137 232.397733 196.908094 135.098804
78.250000 374.182070 270.594879 205.022161 163.277350 137.765798 121.784401 89.360424 60.468960 41.441247 361.763246 299.470969 232.552296 197.041238 135.194511
78.300000 374.421754 270.772342 205.160119 163.390079 137.863064 121.871956 89.428196 60.518963 41.479421 361.995479 299.665794 232.706855 197.174378 135.290215
78.350000 374.661431 270.949799 205.298074 163.502805 137.960327 121.959508 89.495966 60.568966 41.517594 362.227705 299.860615 232.861409 197.307515 135.385918
78.400000 374.901101 271.127252 205.436024 163.615529 138.057588 122.047059 89.563736 60.618968 41.555767 362.459925 300.055430 233.015960 197.440648 135.481618
78.450000 375.140764 271.304700 205.573971 163.728250 138.154846 122.134607 89.631503 60.668970 41.593939 362.692138 300.250239 233.170506 197.573778 135.577315
78.500000 375.380420 271.482143 205.711914 163.840968 138.252103 122.222154 89.699270 60.718970 41.632111 362.924344 300.445043 233.325048 197.706905 135.673011
78.550000 375.620070 271.659581 205.849854 163.953683 138.349356 122.309698 89.767035 60.768970 41.670283 363.156543 300.639841 233.479585 197.840028 135.768704
78.600000 375.859712 271.837014 205.987790 164.066395 138.446608 122.397240 89.834799 60.818969 41.708454 363.388736 300.834634 233.634119 197.973147 135.864395
78.650000 376.099347 272.014442 206.125722 164.179104 138.543857 122.484781 89.902561 60.868967 41.746624 363.620921 301.029421 233.788648 198.106263 135.960083
78.700000 376.338975 272.191865 206.263650 164.291811 138.641104 122.572319 89.970322 60.918964 41.784795 363.853100 301.224203 233.943173 198.239375 136.055769
78.750000 376.578596 272.369283 206.401575 164.404514 138.738349 122.659855 90.038082 60.968961 41.822965 364.085273 301.418979 234.097694 198.372484 136.151453
78.800000 376.818210 272.546696 206.539497 164.517215 138.835591 122.747390 90.105840 61.018957 41.861134 364.317438 301.613750 234.252210 198.505589 136.247135
78.850000 377.057817 272.724104 206.677414 164.629913 138.932831 122.834922 90.173597 61.068952 41.899303 364.549597 301.808515 234.406723 198.638691 136.342814
78.900000 377.297418 272.901507 206.815328 164.742608 139.030068 122.922452 90.241353 61.118946 41.937472 364.781749 302.003274 234.561231 198.771789 136.438492
78.950000 377.537011 273.078906 206.953238 164.855300 139.127303 123.009980 90.309107 61.168939 41.975640 365.013894 302.198028 234.715735 198.904884 136.534166
79.000000 377.776597 273.256299 207.091145 164.967990 139.224536 123.097507 90.376860 61.218932 42.013808 365.246033 302.392777 234.870235 199.037975 136.629839
79.050000 378.016176 273.433687 207.229048 165.080676 139.321767 123.185031 90.444611 61.268923 42.051975 365.478165 302.587520 235.024730 199.171063 136.725509
79.100000 378.255749 273.611071 207.366947 165.193360 139.418995 123.272553 90.512361 61.318914 42.090142 365.710290 302.782258 235.179222 199.304147 136.821177
79.150000 378.495314 273.788450 207.504843 165.306041 139.516221 123.360073 90.580110 61.368905 42.128309 365.942409 302.976990 235.333709 199.437228 136.916843
79.200000 378.734873 273.965823 207.642735 165.418719 139.613444 123.447591 90.647857 61.418894 42.166475 366.174521 303.171717 235.488192 199.570306 137.012506
79.250000 378.974424 274.143192 207.780623 165.531395 139.710665 123.535107 90.715603 61.468883 42.204641 366.406626 303.366438 235.642671 199.703379 137.108167
79.300000 379.213969 274.320556 207.918508 165.644067 139.807884 123.622622 90.783347 61.518870 42.242806 366.638724 303.561153 235.797146 199.836450 137.203826
79.350000 379.453507 274.497915 208.056389 165.756737 139.905101 123.710134 90.851090 61.568857 42.280971 366.870816 303.755864 235.951616 199.969517 137.299483
79.400000 379.693038 274.675269 208.194266 165.869404 140.002315 123.797644 90.918832 61.618843 42.319136 367.102901 303.950568 236.106083 200.102580 137.395137
79.450000 379.932562 274.852618 208.332140 165.982068 140.099527 123.885152 90.986573 61.668829 42.357300 367.334980 304.145268 236.260545 200.235640 137.490789
79.500000 380.172079 275.029962 208.470010 166.094729 140.196737 123.972658 91.054312 61.718813 42.395464 367.567051 304.339961 236.415003 200.368696 137.586439
79.550000 380.411589 275.207301 208.607877 166.207387 140.293944 124.060162 91.122049 61.768797 42.433627 367.799117 304.534650 236.569457 200.501749 137.682086
79.600000 380.651092 275.384636 208.745740 166.320043 140.391149 124.147664 91.189786 61.818780 42.471790 368.031175 304.729333 236.723906 200.634799 137.777732
79.650000 380.890588 275.561965 208.883599 166.432696 140.488352 124.235164 91.257521 61.868762 42.509952 368.263227 304.924010 236.878352 200.767845 137.873375
79.700000 381.130078 275.739290 209.021455 166.545346 140.585552 124.322663 91.325254 61.918744 42.548114 368.495272 305.118682 237.032793 200.900888 137.969015
79.750000 381.369561 275.916610 209.159307 166.657993 140.682750 124.410159 91.392986 61.968724 42.586276 368.727311 305.313349 237.187231 201.033927 138.064654
79.800000 381.609036 276.093924 209.297155 166.770637 140.779946 124.497653 91.460717 62.018704 42.624437 368.959343 305.508010 237.341664 201.166962 138.160290
79.850000 381.848505 276.271234 209.435000 166.883279 140.877139 124.585145 91.528447 62.068683 42.662598 369.191368 305.702666 237.496093 201.299995 138.255924
79.900000 382.087967 276.448540 209.572842 166.995917 140.974330 124.672635 91.596175 62.118662 42.700758 369.423387 305.897316 237.650518 201.433023 138.351556
79.950000 382.327422 276.625840 209.710679 167.108553 141.071519 124.760123 91.663902 62.168639 42.738918 369.655399 306.091961 237.804939 201.566049 138.447185
80.000000 382.566871 276.803135 209.848513 167.221187 141.168706 124.847609 91.731627 62.218616 42.777078 369.887404 306.286601 237.959355 201.699071 138.542812
80.050000 382.806312 276.980426 209.986344 167.333817 141.265890 124.935093 91.799351 62.268592 42.815237 370.119403 306.481235 238.113768 201.832089 138.638437
80.100000 383.045747 277.157712 210.124171 167.446445 141.363072 125.022576 91.867074 62.318567 42.853396 370.351395 306.675863 238.268176 201.965104 138.734060
80.150000 383.285174 277.334992 210.261994 167.559069 141.460251 125.110056 91.934795 62.368541 42.891554 370.583381 306.870487 238.422580 202.098116 138.829681
80.200000 383.524595 277.512268 210.399814 167.671691 141.557429 125.197534 92.002515 62.418514 42.929712 370.815360 307.065104 238.576980 202.231124 138.925299
80.250000 383.764010 277.689540 210.537630 167.784311 141.654604 125.285010 92.070234 62.468487 42.967869 371.047332 307.259717 238.731376 202.364128 139.020915
80.300000 384.003417 277.866806 210.675442 167.896927 141.751777 125.372484 92.137951 62.518459 43.006026 371.279298 307.454324 238.885768 202.497130 139.116528
80.350000 384.242817 278.044067 210.813251 168.009541 141.848947 125.459957 92.205667 62.568430 43.044183 371.511257 307.648926 239.040156 202.630127 139.212140
80.400000 384.482211 278.221324 210.951057 168.122152 141.946115 125.547427 92.273382 62.618400 43.082339 371.743210 307.843522 239.194540 202.763122 139.307749
80.450000 384.721598 278.398576 211.088858 168.234760 142.043281 125.634895 92.341095 62.668370 43.120495 371.975156 308.038113 239.348919 202.896113 139.403356
80.500000 384.960978 278.575823 211.226656 168.347365 142.140445 125.722361 92.408807 62.718339 43.158651 372.207096 308.232698 239.503295 203.029100 139.498961
80.550000 385.200351 278.753065 211.364451 168.459968 142.237606 125.809826 92.476517 62.768307 43.196806 372.439029 308.427279 239.657666 203.162085 139.594564
80.600000 385.439718 278.930302 211.502242 168.572567 142.334765 125.897288 92.544227 62.818274 43.234960 372.670956 308.621853 239.812033 203.295065 139.690164
80.650000 385.679078 279.107535 211.640030 168.685164 142.431922 125.984749 92.611934 62.868240 43.273114 372.902876 308.816423 239.966396 203.428043 139.785762
80.700000 385.918431 279.284763 211.777814 168.797759 142.529076 126.072207 92.679641 62.918206 43.311268 373.134789 309.010987 240.120756 203.561016 139.881358
80.750000 386.157777 279.461985 211.915594 168.910350 142.626228 126.159663 92.747346 62.968171 43.349421 373.366696 309.205546 240.275111 203.693987 139.976951
80.800000 386.397116 279.639204 212.053371 169.022939 142.723378 126.247118 92.815050 63.018135 43.387574 373.598596 309.400099 240.429461 203.826954 140.072543
80.850000 386.636449 279.816417 212.191144 169.135525 142.820526 126.334570 92.882752 63.068098 43.425727 373.830490 309.594647 240.583808 203.959918 140.168132
80.900000 386.875775 279.993625 212.328914 169.248108 142.917671 126.422021 92.950453 63.118060 43.463879 374.062377 309.789190 240.738151 204.092878 140.263719
80.950000 387.115094 280.170829 212.466680 169.360688 143.014814 126.509469 93.018153 63.168022 43.502031 374.294258 309.983727 240.892490 204.225835 140.359304
81.000000 387.354406 280.348028 212.604442 169.473266 143.111955 126.596916 93.085851 63.217983 43.540182 374.526132 310.178259 241.046824 204.358788 140.454886
81.050000 387.593712 280.525222 212.742202 169.585841 143.209094 126.684361 93.153548 63.267943 43.578333 374.758000 310.372786 241.201155 204.491738 140.550466
81.100000 387.833011 280.702411 212.879957 169.698413 143.306230 126.771803 93.221244 63.317902 43.616483 374.989861 310.567307 241.355481 204.624685 140.646044
81.150000 388.072303 280.879596 213.017709 169.810982 143.403364 126.859244 93.288938 63.367861 43.654633 375.221716 310.761823 241.509804 204.757628 140.741620
81.200000 388.311589 281.056776 213.155457 169.923549 143.500496 126.946683 93.356632 63.417819 43.692783 375.453564 310.956334 241.664122 204.890568 140.837194
81.250000 388.550867 281.233951 213.293202 170.036113 143.597625 127.034119 93.424323 63.467776 43.730932 375.685406 311.150839 241.818437 205.023505 140.932765
81.300000 388.790139 281.411121 213.430944 170.148674 143.694753 127.121554 93.492014 63.517732 43.769081 375.917242 311.345339 241.972747 205.156438 141.028334
81.350000 389.029405 281.588287 213.568681 170.261233 143.791878 127.208987 93.559703 63.567687 43.807229 376.149070 311.539834 242.127053 205.289367 141.123901
81.400000 389.268663 281.765447 213.706416 170.373788 143.889000 127.296418 93.627390 63.617642 43.845377 376.380893 311.734323 242.281355 205.422294 141.219466
81.450000 389.507915 281.942603 213.844146 170.486341 143.986121 127.383847 93.695077 63.667596 43.883525 376.612709 311.928808 242.435653 205.555217 141.315029
81.500000 389.747161 282.119754 213.981874 170.598892 144.083239 127.471274 93.762762 63.717549 43.921672 376.844518 312.123286 242.589947 205.688136 141.410589
81.550000 389.986399 282.296901 214.119597 170.711439 144.180355 127.558699 93.830445 63.767501 43.959818 377.076321 312.317760 242.744237 205.821053 141.506147
81.600000 390.225631 282.474043 214.257318 170.823984 144.277469 127.646122 93.898128 63.817452 43.997965 377.308118 312.512228 242.898523 205.953965 141.601703
81.650000 390.464856 282.651180 214.395034 170.936526 144.374580 127.733543 93.965808 63.867403 44.036111 377.539908 312.706691 243.052805 206.086875 141.697257
81.700000 390.704075 282.828312 214.532747 171.049065 144.471689 127.820962 94.033488 63.917353 44.074256 377.771691 312.901149 243.207083 206.219781 141.792808
81.750000 390.943286 283.005439 214.670457 171.161602 144.568796 127.908380 94.101166 63.967302 44.112401 378.003469 313.095601 243.361357 206.352684 141.888358
81.800000 391.182492 283.182562 214.808163 171.274135 144.665901 127.995795 94.168843 64.017250 44.150546 378.235239 313.290049 243.515627 206.485583 141.983905
81.850000 391.421690 283.359680 214.945866 171.386666 144.763003 128.083208 94.236519 64.067198 44.188690 378.467004 313.484490 243.669893 206.618479 142.079450
81.900000 391.660882 283.536793 215.083565 171.499195 144.860103 128.170620 94.304193 64.117145 44.226834 378.698761 313.678927 243.824155 206.751372 142.174993
81.950000 391.900067 283.713902 215.221261 171.611720 144.957201 128.258029 94.371866 64.167091 44.264977 378.930513 313.873358 243.978413 206.884261 142.270533
82.000000 392.139246 283.891006 215.358953 171.724243 145.054297 128.345437 94.439538 64.217036 44.303120 379.162258 314.067785 244.132666 207.017147 142.366071
82.050000 392.378418 284.068105 215.496641 171.836764 145.151391 128.432842 94.507208 64.266980 44.341263 379.393997 314.262205 244.286916 207.150030 142.461608
82.100000 392.617583 284.245199 215.634327 171.949281 145.248482 128.520246 94.574877 64.316924 44.379405 379.625729 314.456621 244.441162 207.282909 142.557142
82.150000 392.856742 284.422289 215.772008 172.061796 145.345571 128.607648 94.642545 64.366867 44.417547 379.857455 314.651031 244.595404 207.415785 142.652673
82.200000 393.095894 284.599374 215.909686 172.174308 145.442658 128.695047 94.710211 64.416809 44.455688 380.089174 314.845436 244.749642 207.548658 142.748203
82.250000 393.335039 284.776454 216.047361 172.286817 145.539742 128.782445 94.777876 64.466750 44.493829 380.320887 315.039836 244.903875 207.681527 142.843730
82.300000 393.574178 284.953530 216.185032 172.399324 145.636824 128.869841 94.845540 64.516691 44.531969 380.552594 315.234231 245.058105 207.814393 142.939256
82.350000 393.813310 285.130601 216.322700 172.511828 145.733904 128.957235 94.913203 64.566631 44.570109 380.784294 315.428620 245.212331 207.947256 143.034779
82.400000 394.052436 285.307667 216.460364 172.624329 145.830982 129.044627 94.980864 64.616570 44.608249 381.015988 315.623005 245.366553 208.080115 143.130299
82.450000 394.291555 285.484728 216.598025 172.736828 145.928058 129.132017 95.048523 64.666508 44.646388 381.247676 315.817383 245.520771 208.212971 143.225818
82.500000 394.530667 285.661785 216.735682 172.849324 146.025131 129.219405 95.116182 64.716445 44.684527 381.479357 316.011757 245.674984 208.345824 143.321335
