data/lcs/Metzger_0.023202_0.260000_0.450000.dat
# %ECSV 0.9
# ---
# datatype:
# - {name: time, datatype: float64}
# - {name: sdss_u, datatype: float64}
# - {name: sdss_g, datatype: float64}
# - {name: sdss_r, datatype: float64}
# - {name: sdss_i, datatype: float64}
# - {name: sdss_z, datatype: float64}
# - {name: PS1_y, datatype: float64}
# - {name: ukirt_J, datatype: float64}
# - {name: ukirt_H, datatype: float64}
# - {name: ukirt_K, datatype: float64}
# - {name: johnson_U, datatype: float64}
# - {name: johnson_B, datatype: float64}
# - {name: johnson_V, datatype: float64}
# - {name: johnson_R, datatype: float64}
# - {name: johnson_I, datatype: float64}
# meta: !!omap
# - comment: [vej = 0.25999999999999995, mej = 0.023201562933498177, Ye = 0.45, redshift = 0.0]
# schema: astropy-2.0
time sdss_u sdss_g sdss_r sdss_i sdss_z PS1_y ukirt_J ukirt_H ukirt_K johnson_U johnson_B johnson_V johnson_R johnson_I
[from data line 1152]
57.700000 275.001036 197.183583 147.972268 116.676213 97.569126 85.609688 61.378869 39.846372 25.718248 265.668157 218.868499 168.626976 141.986566 95.644362
57.750000 275.244194 197.363495 148.112025 116.790327 97.667522 85.698213 61.447286 39.896728 25.756579 265.903740 219.066060 168.783607 142.121426 95.741171
57.800000 275.487341 197.543400 148.251777 116.904436 97.765914 85.786734 61.515700 39.947082 25.794910 266.139314 219.263613 168.940233 142.256282 95.837976
57.850000 275.730478 197.723298 148.391524 117.018542 97.864303 85.875253 61.584113 39.997436 25.833240 266.374879 219.461158 169.096852 142.391132 95.934779
57.900000 275.973605 197.903189 148.531266 117.132643 97.962688 85.963769 61.652524 40.047789 25.871570 266.610433 219.658695 169.253465 142.525978 96.031578
57.950000 276.216722 198.083073 148.671002 117.246741 98.061071 86.052283 61.720933 40.098141 25.909899 266.845977 219.856224 169.410072 142.660818 96.128374
58.000000 276.459828 198.262949 148.810733 117.360834 98.159450 86.140794 61.789341 40.148492 25.948229 267.081512 220.053745 169.566673 142.795654 96.225167
58.050000 276.702925 198.442818 148.950459 117.474924 98.257826 86.229301 61.857747 40.198843 25.986558 267.317037 220.251258 169.723268 142.930485 96.321956
58.100000 276.946011 198.622680 149.090180 117.589010 98.356199 86.317807 61.926151 40.249192 26.024886 267.552552 220.448763 169.879857 143.065310 96.418743
58.150000 277.189087 198.802535 149.229896 117.703091 98.454568 86.406309 61.994553 40.299540 26.063214 267.788057 220.646261 170.036440 143.200131 96.515526
58.200000 277.432152 198.982383 149.369606 117.817169 98.552935 86.494809 62.062953 40.349888 26.101542 268.023552 220.843750 170.193017 143.334947 96.612307
58.250000 277.675208 199.162224 149.509311 117.931243 98.651298 86.583306 62.131352 40.400234 26.139870 268.259038 221.041231 170.349589 143.469757 96.709084
58.300000 277.918254 199.342058 149.649011 118.045312 98.749658 86.671800 62.199749 40.450580 26.178197 268.494514 221.238704 170.506154 143.604563 96.805858
58.350000 278.161289 199.521884 149.788706 118.159378 98.848014 86.760292 62.268144 40.500925 26.216524 268.729980 221.436170 170.662713 143.739364 96.902629
58.400000 278.404314 199.701704 149.928396 118.273440 98.946368 86.848781 62.336537 40.551269 26.254851 268.965436 221.633627 170.819266 143.874160 96.999397
58.450000 278.647330 199.881516 150.068080 118.387498 99.044718 86.937267 62.404929 40.601612 26.293177 269.200883 221.831076 170.975813 144.008951 97.096161
58.500000 278.890335 200.061322 150.207760 118.501552 99.143066 87.025750 62.473319 40.651954 26.331503 269.436320 222.028518 171.132354 144.143737 97.192923
58.550000 279.133330 200.241120 150.347434 118.615602 99.241410 87.114231 62.541707 40.702295 26.369829 269.671747 222.225952 171.288890 144.278519 97.289682
58.600000 279.376315 200.420911 150.487103 118.729648 99.339750 87.202709 62.610093 40.752636 26.408154 269.907165 222.423378 171.445419 144.413295 97.386437
58.650000 279.619290 200.600696 150.626767 118.843690 99.438088 87.291184 62.678478 40.802975 26.446479 270.142572 222.620795 171.601942 144.548066 97.483189
58.700000 279.862255 200.780473 150.766426 118.957729 99.536422 87.379657 62.746861 40.853314 26.484804 270.377971 222.818205 171.758460 144.682833 97.579938
58.750000 280.105210 200.960243 150.906079 119.071763 99.634754 87.468127 62.815242 40.903651 26.523128 270.613359 223.015608 171.914971 144.817594 97.676684
58.800000 280.348154 201.140006 151.045728 119.185794 99.733082 87.556594 62.883621 40.953988 26.561452 270.848738 223.213002 172.071477 144.952351 97.773427
58.850000 280.591089 201.319762 151.185371 119.299820 99.831407 87.645058 62.951999 41.004324 26.599776 271.084107 223.410388 172.227976 145.087103 97.870167
58.900000 280.834014 201.499511 151.325010 119.413843 99.929729 87.733520 63.020375 41.054659 26.638100 271.319467 223.607767 172.384470 145.221850 97.966904
58.950000 281.076929 201.679253 151.464643 119.527862 100.028047 87.821979 63.088749 41.104993 26.676423 271.554816 223.805138 172.540958 145.356592 98.063638
59.000000 281.319834 201.858988 151.604271 119.641876 100.126363 87.910435 63.157121 41.155326 26.714745 271.790157 224.002501 172.697440 145.491329 98.160368
59.050000 281.562729 202.038716 151.743894 119.755887 100.224675 87.998889 63.225492 41.205658 26.753068 272.025487 224.199856 172.853916 145.626061 98.257096
59.100000 281.805614 202.218437 151.883512 119.869894 100.322984 88.087340 63.293860 41.255990 26.791390 272.260808 224.397203 173.010386 145.760789 98.353821
59.150000 282.048489 202.398152 152.023125 119.983898 100.421290 88.175788 63.362227 41.306320 26.829711 272.496120 224.594543 173.166850 145.895511 98.450542
59.200000 282.291354 202.577859 152.162732 120.097897 100.519593 88.264234 63.430593 41.356650 26.868033 272.731422 224.791874 173.323309 146.030229 98.547260
59.250000 282.534209 202.757559 152.302335 120.211892 100.617893 88.352677 63.498956 41.406979 26.906354 272.966714 224.989198 173.479761 146.164942 98.643975
59.300000 282.777054 202.937252 152.441932 120.325884 100.716189 88.441117 63.567318 41.457306 26.944675 273.201997 225.186514 173.636208 146.299650 98.740688
59.350000 283.019890 203.116938 152.581525 120.439871 100.814483 88.529555 63.635678 41.507633 26.982995 273.437270 225.383823 173.792649 146.434353 98.837397
59.400000 283.262715 203.296618 152.721112 120.553855 100.912773 88.617990 63.704037 41.557959 27.021315 273.672534 225.581123 173.949084 146.569051 98.934103
59.450000 283.505531 203.476290 152.860695 120.667835 101.011060 88.706422 63.772393 41.608284 27.059635 273.907788 225.778416 174.105513 146.703745 99.030806
59.500000 283.748336 203.655956 153.000272 120.781811 101.109344 88.794851 63.840748 41.658608 27.097954 274.143032 225.975701 174.261936 146.838433 99.127506
59.550000 283.991132 203.835614 153.139844 120.895783 101.207625 88.883278 63.909101 41.708932 27.136273 274.378267 226.172978 174.418353 146.973117 99.224203
59.600000 284.233918 204.015266 153.279411 121.009752 101.305903 88.971702 63.977453 41.759254 27.174592 274.613493 226.370248 174.574765 147.107796 99.320896
59.650000 284.476694 204.194911 153.418973 121.123716 101.404177 89.060124 64.045803 41.809576 27.212910 274.848709 226.567510 174.731170 147.242470 99.417587
59.700000 284.719461 204.374548 153.558530 121.237677 101.502449 89.148543 64.114151 41.859896 27.251228 275.083916 226.764764 174.887570 147.377139 99.514275
59.750000 284.962217 204.554179 153.698082 121.351633 101.600717 89.236959 64.182497 41.910216 27.289546 275.319113 226.962010 175.043964 147.511804 99.610959
59.800000 285.204964 204.733803 153.837629 121.465586 101.698983 89.325372 64.250841 41.960535 27.327863 275.554301 227.159249 175.200353 147.646464 99.707641
59.850000 285.447701 204.913420 153.977171 121.579535 101.797245 89.413783 64.319184 42.010853 27.366180 275.789479 227.356480 175.356735 147.781119 99.804320
59.900000 285.690428 205.093031 154.116708 121.693481 101.895504 89.502192 64.387525 42.061170 27.404497 276.024648 227.553703 175.513112 147.915769 99.900995
59.950000 285.933145 205.272634 154.256240 121.807422 101.993760 89.590597 64.455864 42.111486 27.442813 276.259807 227.750919 175.669483 148.050414 99.997668
60.000000 286.175852 205.452231 154.395767 121.921360 102.092013 89.679000 64.524202 42.161801 27.481129 276.494957 227.948127 175.825848 148.185055 100.094337
60.050000 286.418550 205.631820 154.535289 122.035293 102.190262 89.767400 64.592538 42.212115 27.519445 276.730097 228.145327 175.982207 148.319691 100.191004
60.100000 286.661238 205.811403 154.674806 122.149223 102.288509 89.855798 64.660872 42.262429 27.557760 276.965229 228.342520 176.138561 148.454322 100.287667
60.150000 286.903917 205.990979 154.814318 122.263149 102.386752 89.944193 64.729205 42.312741 27.596075 277.200350 228.539705 176.294908 148.588948 100.384327
60.200000 287.146585 206.170549 154.953825 122.377072 102.484993 90.032585 64.797535 42.363053 27.634390 277.435463 228.736883 176.451250 148.723569 100.480985
60.250000 287.389244 206.350111 155.093327 122.490990 102.583230 90.120975 64.865864 42.413364 27.672704 277.670566 228.934052 176.607587 148.858186 100.577639
60.300000 287.631893 206.529666 155.232824 122.604905 102.681464 90.209362 64.934191 42.463674 27.711018 277.905659 229.131214 176.763917 148.992798 100.674291
60.350000 287.874532 206.709215 155.372316 122.718816 102.779696 90.297746 65.002517 42.513983 27.749331 278.140743 229.328369 176.920242 149.127405 100.770939
60.400000 288.117162 206.888757 155.511803 122.832723 102.877924 90.386128 65.070841 42.564291 27.787645 278.375818 229.525516 177.076561 149.262008 100.867584
60.450000 288.359782 207.068292 155.651285 122.946626 102.976149 90.474507 65.139163 42.614598 27.825958 278.610884 229.722655 177.232874 149.396605 100.964226
60.500000 288.602393 207.247821 155.790762 123.060526 103.074371 90.562884 65.207483 42.664904 27.864270 278.845940 229.919787 177.389182 149.531198 101.060866
60.550000 288.844993 207.427342 155.930234 123.174421 103.172589 90.651258 65.275802 42.715210 27.902582 279.080987 230.116911 177.545483 149.665787 101.157502
60.600000 289.087584 207.606857 156.069701 123.288313 103.270805 90.739629 65.344119 42.765514 27.940894 279.316025 230.314027 177.701780 149.800370 101.254135
60.650000 289.330166 207.786365 156.209164 123.402201 103.369018 90.827998 65.412434 42.815818 27.979206 279.551053 230.511136 177.858070 149.934949 101.350766
60.700000 289.572737 207.965866 156.348621 123.516086 103.467227 90.916364 65.480748 42.866121 28.017517 279.786072 230.708238 178.014355 150.069523 101.447393
60.750000 289.815300 208.145361 156.488073 123.629966 103.565434 91.004727 65.549060 42.916423 28.055828 280.021082 230.905332 178.170634 150.204092 101.544017
60.800000 290.057852 208.324849 156.627521 123.743843 103.663638 91.093088 65.617370 42.966723 28.094138 280.256082 231.102418 178.326907 150.338657 101.640638
60.850000 290.300395 208.504330 156.766963 123.857716 103.761838 91.181446 65.685678 43.017024 28.132448 280.491074 231.299497 178.483174 150.473217 101.737257
60.900000 290.542928 208.683804 156.906401 123.971585 103.860035 91.269802 65.753985 43.067323 28.170758 280.726056 231.496568 178.639436 150.607772 101.833872
60.950000 290.785452 208.863271 157.045833 124.085451 103.958230 91.358155 65.822290 43.117621 28.209067 280.961028 231.693632 178.795692 150.742323 101.930484
61.000000 291.027966 209.042732 157.185261 124.199312 104.056421 91.446505 65.890593 43.167918 28.247376 281.195992 231.890688 178.951943 150.876868 102.027094
61.050000 291.270471 209.222186 157.324684 124.313170 104.154609 91.534853 65.958895 43.218215 28.285685 281.430946 232.087736 179.108188 151.011409 102.123700
61.100000 291.512966 209.401634 157.464102 124.427024 104.252794 91.623198 66.027195 43.268510 28.323994 281.665891 232.284778 179.264427 151.145946 102.220303
61.150000 291.755452 209.581074 157.603515 124.540875 104.350976 91.711540 66.095493 43.318805 28.362302 281.900827 232.481811 179.420660 151.280478 102.316904
61.200000 291.997928 209.760508 157.742923 124.654722 104.449155 91.799880 66.163789 43.369099 28.400609 282.135754 232.678837 179.576888 151.415005 102.413501
61.250000 292.240394 209.939935 157.882326 124.768564 104.547331 91.888217 66.232084 43.419392 28.438917 282.370671 232.875856 179.733111 151.549527 102.510096
61.300000 292.482851 210.119356 158.021724 124.882404 104.645504 91.976552 66.300377 43.469684 28.477224 282.605580 233.072867 179.889327 151.684045 102.606687
61.350000 292.725299 210.298770 158.161118 124.996239 104.743674 92.064884 66.368669 43.519975 28.515530 282.840479 233.269871 180.045538 151.818558 102.703276
61.400000 292.967737 210.478177 158.300506 125.110071 104.841841 92.153214 66.436958 43.570265 28.553836 283.075369 233.466867 180.201743 151.953066 102.799861
61.450000 293.210165 210.657578 158.439890 125.223899 104.940005 92.241541 66.505246 43.620555 28.592142 283.310250 233.663856 180.357943 152.087570 102.896444
61.500000 293.452584 210.836972 158.579269 125.337723 105.038166 92.329865 66.573533 43.670843 28.630448 283.545121 233.860838 180.514137 152.222069 102.993024
61.550000 293.694994 211.016359 158.718643 125.451544 105.136324 92.418187 66.641817 43.721131 28.668753 283.779984 234.057811 180.670326 152.356564 103.089600
61.600000 293.937394 211.195740 158.858012 125.565361 105.234479 92.506506 66.710100 43.771418 28.707058 284.014837 234.254778 180.826508 152.491053 103.186174
61.650000 294.179784 211.375114 158.997376 125.679174 105.332630 92.594823 66.778382 43.821703 28.745362 284.249682 234.451737 180.982686 152.625539 103.282745
61.700000 294.422166 211.554481 159.136736 125.792983 105.430779 92.683137 66.846661 43.871988 28.783667 284.484517 234.648689 181.138857 152.760019 103.379313
61.750000 294.664537 211.733842 159.276090 125.906789 105.528925 92.771448 66.914939 43.922272 28.821970 284.719343 234.845633 181.295023 152.894495 103.475878
61.800000 294.906900 211.913196 159.415440 126.020591 105.627068 92.859757 66.983215 43.972556 28.860274 284.954160 235.042570 181.451184 153.028966 103.572440
61.850000 295.149253 212.092543 159.554785 126.134389 105.725207 92.948063 67.051490 44.022838 28.898577 285.188968 235.239499 181.607338 153.163433 103.668999
61.900000 295.391596 212.271884 159.694125 126.248183 105.823344 93.036367 67.119763 44.073119 28.936880 285.423767 235.436421 181.763488 153.297895 103.765555
61.950000 295.633930 212.451218 159.833460 126.361974 105.921478 93.124668 67.188034 44.123400 28.975182 285.658557 235.633336 181.919631 153.432352 103.862108
62.000000 295.876255 212.630546 159.972790 126.475761 106.019609 93.212967 67.256303 44.173679 29.013484 285.893338 235.830243 182.075770 153.566805 103.958658
62.050000 296.118571 212.809867 160.112116 126.589545 106.117736 93.301263 67.324571 44.223958 29.051786 286.128110 236.027143 182.231902 153.701253 104.055205
62.100000 296.360877 212.989182 160.251436 126.703325 106.215861 93.389556 67.392837 44.274236 29.090087 286.362872 236.224036 182.388029 153.835697 104.151750
62.150000 296.603173 213.168490 160.390752 126.817101 106.313983 93.477847 67.461101 44.324513 29.128388 286.597626 236.420921 182.544151 153.970136 104.248291
62.200000 296.845461 213.347791 160.530063 126.930873 106.412101 93.566135 67.529364 44.374789 29.166688 286.832371 236.617799 182.700266 154.104570 104.344830
62.250000 297.087739 213.527086 160.669370 127.044642 106.510217 93.654421 67.597625 44.425064 29.204989 287.067107 236.814670 182.856377 154.239000 104.441365
62.300000 297.330007 213.706374 160.808671 127.158407 106.608330 93.742704 67.665885 44.475338 29.243288 287.301833 237.011533 183.012482 154.373425 104.537898
62.350000 297.572267 213.885656 160.947968 127.272168 106.706440 93.830985 67.734142 44.525612 29.281588 287.536551 237.208389 183.168581 154.507846 104.634428
62.400000 297.814517 214.064931 161.087260 127.385926 106.804546 93.919263 67.802398 44.575884 29.319887 287.771260 237.405238 183.324675 154.642262 104.730954
62.450000 298.056757 214.244199 161.226547 127.499680 106.902650 94.007539 67.870653 44.626156 29.358186 288.005960 237.602079 183.480763 154.776674 104.827478
62.500000 298.298989 214.423462 161.365829 127.613431 107.000751 94.095811 67.938905 44.676427 29.396484 288.240650 237.798913 183.636846 154.911081 104.923999
62.550000 298.541211 214.602717 161.505107 127.727177 107.098849 94.184082 68.007156 44.726697 29.434782 288.475332 237.995740 183.792923 155.045483 105.020517
62.600000 298.783424 214.781966 161.644380 127.840920 107.196944 94.272350 68.075406 44.776966 29.473080 288.710005 238.192559 183.948995 155.179881 105.117033
