data/lcs/Metzger_0.023202_0.260000_0.450000.dat
# %ECSV 0.9
# ---
# datatype:
# - {name: time, datatype: float64}
# - {name: sdss_u, datatype: float64}
# - {name: sdss_g, datatype: float64}
# - {name: sdss_r, datatype: float64}
# - {name: sdss_i, datatype: float64}
# - {name: sdss_z, datatype: float64}
# - {name: PS1_y, datatype: float64}
# - {name: ukirt_J, datatype: float64}
# - {name: ukirt_H, datatype: float64}
# - {name: ukirt_K, datatype: float64}
# - {name: johnson_U, datatype: float64}
# - {name: johnson_B, datatype: float64}
# - {name: johnson_V, datatype: float64}
# - {name: johnson_R, datatype: float64}
# - {name: johnson_I, datatype: float64}
# meta: !!omap
# - comment: [vej = 0.25999999999999995, mej = 0.023201562933498177, Ye = 0.45, redshift = 0.0]
# schema: astropy-2.0
time sdss_u sdss_g sdss_r sdss_i sdss_z PS1_y ukirt_J ukirt_H ukirt_K johnson_U johnson_B johnson_V johnson_R johnson_I
[from data line 1848]
92.500000 442.226809 320.983254 244.200376 195.296506 165.396879 146.659801 108.622208 74.688683 52.303974 427.693623 354.786440 276.441270 234.852409 162.382620
92.550000 442.464687 321.159432 244.337380 195.408493 165.493531 146.746824 108.689615 74.738470 52.342030 427.924113 354.979836 276.594736 234.984636 162.477725
92.600000 442.702559 321.335606 244.474382 195.520478 165.590182 146.833846 108.757020 74.788256 52.380085 428.154597 355.173227 276.748199 235.116860 162.572828
92.650000 442.940426 321.511776 244.611380 195.632460 165.686831 146.920865 108.824424 74.838042 52.418140 428.385075 355.366614 276.901658 235.249081 162.667929
92.700000 443.178287 321.687941 244.748375 195.744439 165.783478 147.007883 108.891826 74.887826 52.456195 428.615548 355.559996 277.055113 235.381300 162.763028
92.750000 443.416142 321.864103 244.885367 195.856417 165.880123 147.094899 108.959228 74.937610 52.494249 428.846015 355.753374 277.208565 235.513515 162.858125
92.800000 443.653992 322.040261 245.022356 195.968392 165.976766 147.181914 109.026628 74.987393 52.532303 429.076477 355.946747 277.362014 235.645728 162.953221
92.850000 443.891836 322.216414 245.159342 196.080365 166.073407 147.268927 109.094027 75.037176 52.570356 429.306934 356.140115 277.515459 235.777937 163.048314
92.900000 444.129674 322.392564 245.296325 196.192335 166.170046 147.355938 109.161425 75.086958 52.608409 429.537385 356.333479 277.668901 235.910144 163.143405
92.950000 444.367507 322.568709 245.433305 196.304303 166.266683 147.442947 109.228822 75.136739 52.646461 429.767830 356.526839 277.822339 236.042348 163.238495
93.000000 444.605333 322.744851 245.570282 196.416268 166.363318 147.529955 109.296218 75.186519 52.684514 429.998270 356.720194 277.975774 236.174549 163.333582
93.050000 444.843155 322.920988 245.707256 196.528232 166.459951 147.616961 109.363612 75.236299 52.722565 430.228705 356.913545 278.129205 236.306747 163.428668
93.100000 445.080970 323.097122 245.844226 196.640192 166.556582 147.703965 109.431005 75.286078 52.760617 430.459134 357.106891 278.282633 236.438942 163.523751
93.150000 445.318780 323.273251 245.981194 196.752151 166.653212 147.790968 109.498398 75.335856 52.798668 430.689557 357.300232 278.436057 236.571134 163.618833
93.200000 445.556584 323.449376 246.118159 196.864107 166.749839 147.877969 109.565788 75.385633 52.836718 430.919975 357.493569 278.589478 236.703323 163.713913
93.250000 445.794382 323.625497 246.255121 196.976061 166.846464 147.964968 109.633178 75.435410 52.874768 431.150388 357.686902 278.742895 236.835510 163.808991
93.300000 446.032175 323.801614 246.392080 197.088012 166.943088 148.051965 109.700567 75.485186 52.912818 431.380795 357.880230 278.896309 236.967693 163.904067
93.350000 446.269962 323.977727 246.529035 197.199961 167.039709 148.138961 109.767954 75.534961 52.950867 431.611196 358.073553 279.049720 237.099874 163.999141
93.400000 446.507743 324.153836 246.665988 197.311908 167.136328 148.225955 109.835340 75.584736 52.988916 431.841592 358.266872 279.203127 237.232052 164.094213
93.450000 446.745519 324.329941 246.802938 197.423852 167.232946 148.312948 109.902725 75.634510 53.026964 432.071983 358.460187 279.356531 237.364227 164.189284
93.500000 446.983289 324.506042 246.939885 197.535794 167.329562 148.399938 109.970109 75.684283 53.065012 432.302368 358.653497 279.509931 237.496399 164.284352
93.550000 447.221054 324.682139 247.076828 197.647734 167.426175 148.486927 110.037492 75.734056 53.103060 432.532748 358.846802 279.663328 237.628568 164.379419
93.600000 447.458812 324.858232 247.213769 197.759671 167.522787 148.573915 110.104873 75.783827 53.141107 432.763122 359.040103 279.816721 237.760734 164.474483
93.650000 447.696566 325.034321 247.350707 197.871606 167.619397 148.660900 110.172253 75.833598 53.179154 432.993491 359.233400 279.970111 237.892898 164.569546
93.700000 447.934313 325.210406 247.487642 197.983539 167.716004 148.747884 110.239632 75.883369 53.217201 433.223854 359.426692 280.123497 238.025058 164.664607
93.750000 448.172055 325.386487 247.624573 198.095469 167.812610 148.834867 110.307010 75.933138 53.255247 433.454212 359.619980 280.276880 238.157216 164.759666
93.800000 448.409791 325.562563 247.761502 198.207397 167.909214 148.921847 110.374387 75.982907 53.293292 433.684565 359.813263 280.430260 238.289371 164.854723
93.850000 448.647522 325.738636 247.898428 198.319323 168.005816 149.008826 110.441762 76.032675 53.331337 433.914912 360.006541 280.583636 238.421522 164.949778
93.900000 448.885247 325.914705 248.035351 198.431246 168.102416 149.095803 110.509137 76.082443 53.369382 434.145253 360.199816 280.737009 238.553671 165.044831
93.950000 449.122966 326.090770 248.172271 198.543167 168.199014 149.182779 110.576510 76.132209 53.407427 434.375589 360.393086 280.890378 238.685818 165.139882
94.000000 449.360680 326.266830 248.309187 198.655085 168.295611 149.269753 110.643882 76.181976 53.445470 434.605920 360.586351 281.043744 238.817961 165.234931
94.050000 449.598388 326.442887 248.446101 198.767002 168.392205 149.356725 110.711253 76.231741 53.483514 434.836245 360.779612 281.197107 238.950101 165.329979
94.100000 449.836090 326.618940 248.583012 198.878916 168.488797 149.443695 110.778623 76.281505 53.521557 435.066565 360.972868 281.350466 239.082239 165.425025
94.150000 450.073787 326.794989 248.719920 198.990827 168.585388 149.530664 110.845991 76.331269 53.559600 435.296880 361.166120 281.503822 239.214374 165.520068
94.200000 450.311479 326.971033 248.856825 199.102736 168.681976 149.617631 110.913359 76.381032 53.597642 435.527189 361.359368 281.657174 239.346506 165.615110
94.250000 450.549164 327.147074 248.993726 199.214643 168.778562 149.704596 110.980725 76.430795 53.635684 435.757493 361.552611 281.810523 239.478635 165.710150
94.300000 450.786844 327.323111 249.130625 199.326548 168.875147 149.791560 111.048090 76.480557 53.673726 435.987791 361.745849 281.963868 239.610761 165.805188
94.350000 451.024519 327.499144 249.267521 199.438450 168.971730 149.878522 111.115454 76.530318 53.711767 436.218084 361.939083 282.117210 239.742884 165.900224
94.400000 451.262188 327.675172 249.404414 199.550350 169.068310 149.965482 111.182816 76.580078 53.749808 436.448371 362.132313 282.270549 239.875005 165.995259
94.450000 451.499851 327.851197 249.541304 199.662248 169.164889 150.052441 111.250178 76.629838 53.787848 436.678653 362.325538 282.423884 240.007122 166.090291
94.500000 451.737509 328.027218 249.678191 199.774143 169.261466 150.139398 111.317538 76.679597 53.825888 436.908930 362.518759 282.577216 240.139237 166.185321
94.550000 451.975161 328.203235 249.815075 199.886036 169.358041 150.226354 111.384897 76.729355 53.863927 437.139201 362.711976 282.730545 240.271349 166.280350
94.600000 452.212808 328.379247 249.951956 199.997927 169.454614 150.313307 111.452255 76.779112 53.901966 437.369467 362.905188 282.883870 240.403458 166.375377
94.650000 452.450449 328.555256 250.088834 200.109815 169.551185 150.400259 111.519612 76.828869 53.940005 437.599728 363.098395 283.037192 240.535564 166.470402
94.700000 452.688084 328.731261 250.225710 200.221701 169.647754 150.487210 111.586968 76.878625 53.978043 437.829983 363.291599 283.190510 240.667668 166.565425
94.750000 452.925714 328.907262 250.362582 200.333585 169.744322 150.574158 111.654322 76.928380 54.016081 438.060232 363.484797 283.343825 240.799768 166.660446
94.800000 453.163338 329.083259 250.499451 200.445466 169.840887 150.661105 111.721676 76.978135 54.054118 438.290477 363.677992 283.497136 240.931866 166.755465
94.850000 453.400957 329.259252 250.636317 200.557345 169.937450 150.748050 111.789028 77.027889 54.092156 438.520716 363.871182 283.650445 241.063961 166.850482
94.900000 453.638570 329.435241 250.773181 200.669222 170.034012 150.834994 111.856379 77.077642 54.130192 438.750950 364.064367 283.803749 241.196053 166.945498
94.950000 453.876178 329.611226 250.910041 200.781097 170.130572 150.921936 111.923729 77.127395 54.168228 438.981178 364.257548 283.957051 241.328142 167.040511
95.000000 454.113780 329.787207 251.046898 200.892969 170.227129 151.008876 111.991077 77.177146 54.206264 439.211401 364.450725 284.110349 241.460228 167.135523
95.050000 454.351377 329.963184 251.183753 201.004839 170.323685 151.095815 112.058425 77.226898 54.244300 439.441618 364.643897 284.263644 241.592312 167.230533
95.100000 454.588968 330.139157 251.320604 201.116706 170.420239 151.182752 112.125771 77.276648 54.282335 439.671831 364.837065 284.416935 241.724393 167.325541
95.150000 454.826553 330.315127 251.457453 201.228571 170.516791 151.269687 112.193116 77.326398 54.320369 439.902038 365.030229 284.570223 241.856471 167.420547
95.200000 455.064133 330.491092 251.594298 201.340434 170.613341 151.356621 112.260460 77.376147 54.358403 440.132239 365.223388 284.723507 241.988546 167.515551
95.250000 455.301708 330.667053 251.731141 201.452295 170.709889 151.443553 112.327803 77.425895 54.396437 440.362435 365.416543 284.876789 242.120618 167.610553
95.300000 455.539276 330.843010 251.867981 201.564153 170.806435 151.530483 112.395145 77.475642 54.434471 440.592626 365.609693 285.030066 242.252687 167.705554
95.350000 455.776840 331.018964 252.004818 201.676009 170.902980 151.617412 112.462486 77.525389 54.472504 440.822812 365.802839 285.183341 242.384754 167.800553
95.400000 456.014398 331.194913 252.141651 201.787863 170.999522 151.704339 112.529825 77.575135 54.510536 441.052992 365.995981 285.336612 242.516818 167.895549
95.450000 456.251950 331.370859 252.278482 201.899714 171.096063 151.791264 112.597163 77.624881 54.548568 441.283167 366.189118 285.489880 242.648879 167.990544
95.500000 456.489497 331.546801 252.415310 202.011564 171.192601 151.878188 112.664500 77.674626 54.586600 441.513336 366.382251 285.643144 242.780937 168.085537
95.550000 456.727038 331.722738 252.552135 202.123410 171.289138 151.965110 112.731836 77.724370 54.624631 441.743501 366.575379 285.796405 242.912992 168.180528
95.600000 456.964574 331.898672 252.688958 202.235255 171.385673 152.052030 112.799171 77.774113 54.662662 441.973660 366.768504 285.949663 243.045045 168.275518
95.650000 457.202104 332.074602 252.825777 202.347097 171.482206 152.138949 112.866505 77.823855 54.700693 442.203813 366.961623 286.102917 243.177095 168.370505
95.700000 457.439629 332.250528 252.962593 202.458937 171.578737 152.225866 112.933837 77.873597 54.738723 442.433962 367.154739 286.256168 243.309142 168.465491
95.750000 457.677149 332.426450 253.099406 202.570775 171.675266 152.312782 113.001169 77.923339 54.776753 442.664105 367.347850 286.409416 243.441186 168.560474
95.800000 457.914662 332.602368 253.236217 202.682610 171.771793 152.399695 113.068499 77.973079 54.814782 442.894242 367.540956 286.562660 243.573227 168.655456
95.850000 458.152171 332.778282 253.373024 202.794443 171.868318 152.486608 113.135828 78.022819 54.852811 443.124375 367.734059 286.715901 243.705266 168.750436
95.900000 458.389674 332.954192 253.509829 202.906274 171.964842 152.573518 113.203156 78.072558 54.890839 443.354502 367.927157 286.869139 243.837302 168.845415
95.950000 458.627171 333.130098 253.646630 203.018103 172.061363 152.660427 113.270482 78.122296 54.928867 443.584624 368.120250 287.022373 243.969335 168.940391
96.000000 458.864663 333.306001 253.783429 203.129929 172.157883 152.747334 113.337808 78.172034 54.966895 443.814740 368.313340 287.175604 244.101365 169.035365
96.050000 459.102149 333.481899 253.920225 203.241753 172.254400 152.834240 113.405132 78.221771 55.004922 444.044852 368.506424 287.328832 244.233392 169.130338
96.100000 459.339630 333.657794 254.057018 203.353575 172.350916 152.921143 113.472456 78.271507 55.042949 444.274957 368.699505 287.482056 244.365417 169.225309
96.150000 459.577106 333.833685 254.193808 203.465394 172.447430 153.008046 113.539778 78.321243 55.080976 444.505058 368.892581 287.635277 244.497439 169.320278
96.200000 459.814576 334.009571 254.330595 203.577211 172.543942 153.094946 113.607099 78.370978 55.119002 444.735154 369.085653 287.788495 244.629458 169.415245
96.250000 460.052041 334.185454 254.467379 203.689026 172.640453 153.181845 113.674419 78.420712 55.157028 444.965244 369.278721 287.941709 244.761474 169.510210
96.300000 460.289500 334.361333 254.604161 203.800839 172.736961 153.268743 113.741737 78.470445 55.195053 445.195329 369.471784 288.094920 244.893487 169.605173
96.350000 460.526954 334.537208 254.740939 203.912649 172.833467 153.355638 113.809055 78.520178 55.233078 445.425408 369.664843 288.248128 245.025498 169.700135
96.400000 460.764402 334.713080 254.877714 204.024457 172.929972 153.442532 113.876371 78.569910 55.271102 445.655483 369.857897 288.401332 245.157506 169.795094
96.450000 461.001845 334.888947 255.014487 204.136263 173.026474 153.529425 113.943686 78.619642 55.309126 445.885552 370.050948 288.554533 245.289511 169.890052
96.500000 461.239282 335.064810 255.151257 204.248067 173.122975 153.616315 114.011000 78.669372 55.347150 446.115616 370.243994 288.707731 245.421513 169.985008
96.550000 461.476714 335.240670 255.288023 204.359868 173.219474 153.703204 114.078313 78.719102 55.385173 446.345674 370.437035 288.860925 245.553513 170.079962
96.600000 461.714140 335.416525 255.424787 204.471667 173.315971 153.790092 114.145625 78.768831 55.423196 446.575727 370.630073 289.014117 245.685509 170.174914
96.650000 461.951561 335.592377 255.561548 204.583464 173.412466 153.876978 114.212936 78.818560 55.461218 446.805776 370.823106 289.167304 245.817503 170.269865
96.700000 462.188977 335.768225 255.698306 204.695258 173.508960 153.963862 114.280245 78.868288 55.499240 447.035818 371.016134 289.320489 245.949495 170.364814
96.750000 462.426387 335.944069 255.835062 204.807050 173.605451 154.050745 114.347554 78.918015 55.537262 447.265856 371.209159 289.473670 246.081483 170.459760
96.800000 462.663792 336.119909 255.971814 204.918840 173.701940 154.137625 114.414861 78.967742 55.575283 447.495888 371.402179 289.626848 246.213469 170.554705
96.850000 462.901191 336.295746 256.108563 205.030628 173.798428 154.224505 114.482167 79.017467 55.613304 447.725916 371.595195 289.780023 246.345452 170.649648
96.900000 463.138585 336.471578 256.245310 205.142413 173.894914 154.311382 114.549472 79.067192 55.651324 447.955938 371.788206 289.933194 246.477432 170.744590
96.950000 463.375974 336.647407 256.382054 205.254197 173.991398 154.398258 114.616776 79.116917 55.689344 448.185954 371.981213 290.086362 246.609409 170.839529
97.000000 463.613357 336.823231 256.518794 205.365977 174.087880 154.485133 114.684079 79.166640 55.727364 448.415966 372.174216 290.239527 246.741384 170.934467
97.050000 463.850735 336.999052 256.655532 205.477756 174.184360 154.572006 114.751380 79.216363 55.765383 448.645972 372.367215 290.392688 246.873356 171.029402
97.100000 464.088107 337.174869 256.792267 205.589532 174.280838 154.658877 114.818681 79.266086 55.803402 448.875973 372.560209 290.545846 247.005325 171.124336
97.150000 464.325474 337.350682 256.928999 205.701307 174.377314 154.745746 114.885980 79.315807 55.841420 449.105969 372.753199 290.699001 247.137291 171.219268
97.200000 464.562836 337.526492 257.065729 205.813079 174.473789 154.832614 114.953278 79.365528 55.879438 449.335959 372.946185 290.852153 247.269255 171.314199
97.250000 464.800192 337.702297 257.202455 205.924848 174.570262 154.919480 115.020575 79.415248 55.917456 449.565945 373.139166 291.005301 247.401216 171.409127
97.300000 465.037543 337.878099 257.339179 206.036616 174.666732 155.006345 115.087871 79.464968 55.955473 449.795925 373.332144 291.158446 247.533174 171.504054
97.350000 465.274888 338.053896 257.475899 206.148381 174.763201 155.093208 115.155166 79.514687 55.993490 450.025900 373.525116 291.311588 247.665129 171.598979
