data/lcs/Metzger_0.023202_0.260000_0.450000.dat
# %ECSV 0.9
# ---
# datatype:
# - {name: time, datatype: float64}
# - {name: sdss_u, datatype: float64}
# - {name: sdss_g, datatype: float64}
# - {name: sdss_r, datatype: float64}
# - {name: sdss_i, datatype: float64}
# - {name: sdss_z, datatype: float64}
# - {name: PS1_y, datatype: float64}
# - {name: ukirt_J, datatype: float64}
# - {name: ukirt_H, datatype: float64}
# - {name: ukirt_K, datatype: float64}
# - {name: johnson_U, datatype: float64}
# - {name: johnson_B, datatype: float64}
# - {name: johnson_V, datatype: float64}
# - {name: johnson_R, datatype: float64}
# - {name: johnson_I, datatype: float64}
# meta: !!omap
# - comment: [vej = 0.25999999999999995, mej = 0.023201562933498177, Ye = 0.45, redshift = 0.0]
# schema: astropy-2.0
time sdss_u sdss_g sdss_r sdss_i sdss_z PS1_y ukirt_J ukirt_H ukirt_K johnson_U johnson_B johnson_V johnson_R johnson_I
[from data line 2340]
117.100000 558.636886 407.215292 311.272147 250.132103 212.732430 189.285378 141.653063 99.101709 70.979262 540.489859 449.439811 351.564614 299.587646 208.961052
117.150000 558.872332 407.389728 311.407849 250.243068 212.828233 189.371659 141.719947 99.151171 71.017125 540.717999 449.631273 351.716593 299.718625 209.055324
117.200000 559.107773 407.564162 311.543549 250.354031 212.924035 189.457939 141.786830 99.200633 71.054987 540.946135 449.822731 351.868570 299.849601 209.149595
117.250000 559.343210 407.738593 311.679247 250.464993 213.019834 189.544217 141.853713 99.250094 71.092849 541.174266 450.014186 352.020544 299.980575 209.243864
117.300000 559.578643 407.913021 311.814942 250.575952 213.115633 189.630494 141.920594 99.299554 71.130710 541.402393 450.205637 352.172515 300.111547 209.338132
117.350000 559.814071 408.087445 311.950635 250.686910 213.211429 189.716770 141.987474 99.349014 71.168571 541.630517 450.397085 352.324484 300.242516 209.432398
117.400000 560.049495 408.261867 312.086325 250.797866 213.307225 189.803044 142.054354 99.398473 71.206432 541.858636 450.588530 352.476450 300.373484 209.526663
117.450000 560.284915 408.436285 312.222013 250.908821 213.403019 189.889318 142.121232 99.447932 71.244293 542.086750 450.779971 352.628414 300.504449 209.620926
117.500000 560.520331 408.610701 312.357699 251.019773 213.498811 189.975589 142.188110 99.497390 71.282153 542.314861 450.971409 352.780374 300.635412 209.715188
117.550000 560.755742 408.785113 312.493383 251.130724 213.594601 190.061860 142.254986 99.546847 71.320012 542.542968 451.162843 352.932333 300.766373 209.809448
117.600000 560.991149 408.959522 312.629064 251.241672 213.690391 190.148129 142.321862 99.596304 71.357872 542.771070 451.354274 353.084288 300.897331 209.903707
117.650000 561.226552 409.133928 312.764743 251.352619 213.786178 190.234397 142.388737 99.645760 71.395730 542.999169 451.545702 353.236241 301.028287 209.997965
117.700000 561.461950 409.308332 312.900420 251.463564 213.881965 190.320663 142.455610 99.695215 71.433589 543.227263 451.737126 353.388192 301.159242 210.092221
117.750000 561.697344 409.482732 313.036094 251.574508 213.977749 190.406928 142.522483 99.744670 71.471447 543.455353 451.928547 353.540140 301.290194 210.186475
117.800000 561.932734 409.657129 313.171766 251.685449 214.073532 190.493192 142.589355 99.794125 71.509305 543.683439 452.119964 353.692085 301.421143 210.280728
117.850000 562.168120 409.831523 313.307436 251.796389 214.169314 190.579454 142.656226 99.843578 71.547162 543.911521 452.311378 353.844027 301.552091 210.374979
117.900000 562.403501 410.005913 313.443104 251.907327 214.265094 190.665716 142.723096 99.893032 71.585019 544.139599 452.502789 353.995967 301.683036 210.469229
117.950000 562.638879 410.180301 313.578769 252.018263 214.360873 190.751975 142.789965 99.942484 71.622876 544.367672 452.694196 354.147905 301.813979 210.563478
118.000000 562.874252 410.354686 313.714432 252.129197 214.456650 190.838234 142.856833 99.991936 71.660732 544.595742 452.885600 354.299839 301.944920 210.657725
118.050000 563.109620 410.529068 313.850093 252.240130 214.552426 190.924491 142.923700 100.041387 71.698588 544.823807 453.077000 354.451771 302.075859 210.751970
118.100000 563.344985 410.703446 313.985751 252.351061 214.648200 191.010747 142.990567 100.090838 71.736444 545.051869 453.268397 354.603701 302.206795 210.846214
118.150000 563.580345 410.877822 314.121407 252.461989 214.743972 191.097002 143.057432 100.140288 71.774299 545.279926 453.459791 354.755628 302.337730 210.940457
118.200000 563.815701 411.052195 314.257061 252.572916 214.839743 191.183255 143.124296 100.189738 71.812154 545.507979 453.651181 354.907552 302.468662 211.034698
118.250000 564.051053 411.226564 314.392712 252.683842 214.935513 191.269507 143.191160 100.239187 71.850008 545.736028 453.842568 355.059474 302.599592 211.128938
118.300000 564.286400 411.400931 314.528361 252.794765 215.031281 191.355757 143.258022 100.288635 71.887862 545.964073 454.033952 355.211393 302.730520 211.223176
118.350000 564.521743 411.575294 314.664008 252.905687 215.127048 191.442007 143.324884 100.338083 71.925716 546.192114 454.225332 355.363309 302.861445 211.317413
118.400000 564.757082 411.749654 314.799653 253.016607 215.222813 191.528255 143.391744 100.387530 71.963569 546.420151 454.416709 355.515223 302.992368 211.411648
118.450000 564.992417 411.924012 314.935295 253.127525 215.318576 191.614501 143.458604 100.436977 72.001422 546.648183 454.608082 355.667134 303.123290 211.505882
118.500000 565.227748 412.098366 315.070935 253.238441 215.414338 191.700747 143.525463 100.486423 72.039275 546.876212 454.799452 355.819043 303.254209 211.600114
118.550000 565.463074 412.272717 315.206573 253.349356 215.510099 191.786991 143.592320 100.535868 72.077127 547.104236 454.990819 355.970949 303.385125 211.694345
118.600000 565.698396 412.447066 315.342209 253.460268 215.605858 191.873233 143.659177 100.585313 72.114979 547.332257 455.182182 356.122853 303.516040 211.788574
118.650000 565.933714 412.621411 315.477842 253.571179 215.701615 191.959475 143.726033 100.634757 72.152830 547.560273 455.373542 356.274753 303.646952 211.882802
118.700000 566.169027 412.795753 315.613473 253.682088 215.797371 192.045715 143.792888 100.684201 72.190682 547.788285 455.564898 356.426652 303.777863 211.977028
118.750000 566.404337 412.970092 315.749101 253.792995 215.893126 192.131953 143.859742 100.733644 72.228532 548.016294 455.756252 356.578547 303.908771 212.071253
118.800000 566.639642 413.144428 315.884728 253.903901 215.988879 192.218191 143.926595 100.783086 72.266383 548.244298 455.947601 356.730440 304.039677 212.165476
118.850000 566.874943 413.318761 316.020352 254.014805 216.084631 192.304427 143.993447 100.832528 72.304233 548.472298 456.138948 356.882331 304.170580 212.259698
118.900000 567.110240 413.493091 316.155974 254.125707 216.180381 192.390662 144.060299 100.881969 72.342082 548.700294 456.330291 357.034219 304.301482 212.353919
118.950000 567.345532 413.667418 316.291593 254.236607 216.276129 192.476895 144.127149 100.931409 72.379931 548.928286 456.521631 357.186104 304.432381 212.448138
119.000000 567.580821 413.841742 316.427211 254.347505 216.371876 192.563127 144.193998 100.980849 72.417780 549.156273 456.712967 357.337987 304.563278 212.542355
119.050000 567.816105 414.016063 316.562826 254.458401 216.467622 192.649358 144.260847 101.030289 72.455629 549.384257 456.904300 357.489867 304.694173 212.636572
119.100000 568.051385 414.190381 316.698438 254.569296 216.563366 192.735588 144.327694 101.079728 72.493477 549.612237 457.095630 357.641745 304.825066 212.730786
119.150000 568.286660 414.364696 316.834049 254.680189 216.659108 192.821816 144.394541 101.129166 72.531325 549.840213 457.286956 357.793619 304.955956 212.824999
119.200000 568.521932 414.539008 316.969657 254.791080 216.754850 192.908043 144.461386 101.178604 72.569172 550.068184 457.478279 357.945492 305.086845 212.919211
119.250000 568.757199 414.713317 317.105263 254.901970 216.850589 192.994269 144.528231 101.228041 72.607019 550.296152 457.669599 358.097362 305.217731 213.013421
119.300000 568.992462 414.887623 317.240867 255.012857 216.946327 193.080493 144.595075 101.277477 72.644866 550.524115 457.860915 358.249229 305.348615 213.107630
119.350000 569.227721 415.061926 317.376468 255.123743 217.042064 193.166716 144.661918 101.326913 72.682712 550.752074 458.052228 358.401094 305.479497 213.201837
119.400000 569.462976 415.236226 317.512067 255.234627 217.137799 193.252938 144.728759 101.376348 72.720558 550.980030 458.243538 358.552956 305.610377 213.296043
119.450000 569.698227 415.410523 317.647664 255.345509 217.233533 193.339158 144.795600 101.425783 72.758404 551.207981 458.434844 358.704815 305.741254 213.390248
119.500000 569.933473 415.584817 317.783259 255.456390 217.329265 193.425377 144.862440 101.475217 72.796249 551.435928 458.626147 358.856672 305.872130 213.484451
119.550000 570.168715 415.759107 317.918851 255.567269 217.424995 193.511595 144.929280 101.524650 72.834094 551.663872 458.817447 359.008526 306.003003 213.578652
119.600000 570.403953 415.933395 318.054441 255.678145 217.520725 193.597812 144.996118 101.574083 72.871938 551.891811 459.008743 359.160378 306.133874 213.672852
119.650000 570.639187 416.107680 318.190029 255.789021 217.616452 193.684027 145.062955 101.623515 72.909782 552.119746 459.200036 359.312227 306.264743 213.767051
119.700000 570.874417 416.281962 318.325615 255.899894 217.712178 193.770241 145.129791 101.672947 72.947626 552.347677 459.391326 359.464074 306.395610 213.861248
119.750000 571.109642 416.456241 318.461198 256.010766 217.807903 193.856453 145.196627 101.722378 72.985469 552.575604 459.582612 359.615918 306.526474 213.955443
119.800000 571.344863 416.630517 318.596779 256.121635 217.903626 193.942665 145.263461 101.771809 73.023312 552.803527 459.773895 359.767760 306.657337 214.049638
119.850000 571.580080 416.804790 318.732358 256.232503 217.999348 194.028875 145.330295 101.821239 73.061155 553.031446 459.965175 359.919599 306.788197 214.143830
119.900000 571.815293 416.979059 318.867935 256.343370 218.095068 194.115083 145.397127 101.870668 73.098997 553.259361 460.156451 360.071435 306.919055 214.238022
119.950000 572.050502 417.153326 319.003509 256.454234 218.190787 194.201291 145.463959 101.920097 73.136839 553.487272 460.347724 360.223269 307.049911 214.332212
120.000000 572.285707 417.327590 319.139081 256.565097 218.286505 194.287497 145.530790 101.969525 73.174680 553.715179 460.538994 360.375100 307.180765 214.426400
120.050000 572.520907 417.501851 319.274651 256.675958 218.382220 194.373702 145.597620 102.018952 73.212522 553.943082 460.730260 360.526929 307.311616 214.520587
120.100000 572.756104 417.676109 319.410219 256.786817 218.477935 194.459905 145.664449 102.068379 73.250362 554.170981 460.921523 360.678755 307.442466 214.614772
120.150000 572.991296 417.850364 319.545784 256.897674 218.573648 194.546107 145.731276 102.117806 73.288203 554.398876 461.112783 360.830578 307.573313 214.708956
120.200000 573.226484 418.024616 319.681347 257.008530 218.669359 194.632308 145.798104 102.167231 73.326043 554.626766 461.304039 360.982399 307.704158 214.803139
120.250000 573.461667 418.198865 319.816908 257.119384 218.765069 194.718508 145.864930 102.216657 73.363882 554.854653 461.495292 361.134218 307.835001 214.897320
120.300000 573.696847 418.373110 319.952467 257.230236 218.860777 194.804706 145.931755 102.266081 73.401722 555.082536 461.686542 361.286034 307.965842 214.991500
120.350000 573.932023 418.547353 320.088023 257.341086 218.956484 194.890903 145.998579 102.315505 73.439561 555.310415 461.877789 361.437847 308.096681 215.085678
120.400000 574.167194 418.721593 320.223577 257.451935 219.052190 194.977099 146.065403 102.364929 73.477399 555.538290 462.069032 361.589658 308.227517 215.179855
120.450000 574.402361 418.895830 320.359129 257.562781 219.147894 195.063293 146.132225 102.414352 73.515237 555.766160 462.260272 361.741466 308.358352 215.274030
120.500000 574.637524 419.070064 320.494679 257.673626 219.243596 195.149486 146.199047 102.463774 73.553075 555.994027 462.451508 361.893272 308.489184 215.368204
120.550000 574.872683 419.244295 320.630226 257.784470 219.339297 195.235678 146.265867 102.513195 73.590913 556.221890 462.642742 362.045075 308.620014 215.462377
120.600000 575.107838 419.418523 320.765772 257.895311 219.434997 195.321869 146.332687 102.562616 73.628750 556.449749 462.833971 362.196876 308.750842 215.556548
120.650000 575.342989 419.592749 320.901315 258.006151 219.530695 195.408058 146.399506 102.612037 73.666586 556.677604 463.025198 362.348674 308.881668 215.650717
120.700000 575.578135 419.766971 321.036855 258.116989 219.626391 195.494246 146.466323 102.661457 73.704423 556.905454 463.216422 362.500469 309.012492 215.744885
120.750000 575.813278 419.941190 321.172394 258.227825 219.722087 195.580433 146.533140 102.710876 73.742259 557.133301 463.407642 362.652262 309.143313 215.839052
120.800000 576.048416 420.115406 321.307930 258.338659 219.817780 195.666618 146.599956 102.760295 73.780094 557.361144 463.598858 362.804053 309.274133 215.933217
120.850000 576.283550 420.289619 321.443464 258.449492 219.913472 195.752802 146.666771 102.809713 73.817930 557.588983 463.790072 362.955840 309.404950 216.027381
120.900000 576.518680 420.463829 321.578996 258.560323 220.009163 195.838985 146.733586 102.859130 73.855765 557.816817 463.981282 363.107626 309.535765 216.121543
120.950000 576.753806 420.638037 321.714526 258.671152 220.104853 195.925167 146.800399 102.908547 73.893599 558.044648 464.172489 363.259409 309.666578 216.215704
121.000000 576.988928 420.812241 321.850053 258.781980 220.200540 196.011347 146.867211 102.957964 73.931433 558.272475 464.363693 363.411189 309.797389 216.309864
121.050000 577.224045 420.986442 321.985578 258.892805 220.296227 196.097526 146.934022 103.007380 73.969267 558.500298 464.554893 363.562967 309.928197 216.404022
121.100000 577.459159 421.160641 322.121101 259.003629 220.391912 196.183703 147.000833 103.056795 74.007100 558.728117 464.746090 363.714742 310.059004 216.498178
121.150000 577.694268 421.334836 322.256622 259.114451 220.487595 196.269880 147.067643 103.106209 74.044933 558.955932 464.937284 363.866514 310.189808 216.592333
121.200000 577.929373 421.509029 322.392140 259.225272 220.583277 196.356055 147.134451 103.155623 74.082766 559.183743 465.128474 364.018285 310.320611 216.686487
121.250000 578.164474 421.683218 322.527656 259.336090 220.678957 196.442229 147.201259 103.205037 74.120598 559.411550 465.319661 364.170052 310.451411 216.780640
121.300000 578.399571 421.857405 322.663170 259.446907 220.774636 196.528401 147.268066 103.254450 74.158430 559.639353 465.510845 364.321817 310.582209 216.874790
121.350000 578.634664 422.031588 322.798682 259.557722 220.870314 196.614572 147.334872 103.303862 74.196262 559.867152 465.702026 364.473580 310.713005 216.968940
121.400000 578.869753 422.205769 322.934192 259.668536 220.965990 196.700742 147.401677 103.353274 74.234093 560.094947 465.893203 364.625340 310.843799 217.063088
121.450000 579.104838 422.379947 323.069699 259.779347 221.061665 196.786911 147.468481 103.402685 74.271924 560.322738 466.084377 364.777097 310.974590 217.157234
121.500000 579.339919 422.554121 323.205204 259.890157 221.157338 196.873078 147.535284 103.452095 74.309755 560.550525 466.275548 364.928852 311.105380 217.251379
121.550000 579.574995 422.728293 323.340707 260.000965 221.253009 196.959245 147.602086 103.501505 74.347585 560.778308 466.466716 365.080605 311.236167 217.345523
121.600000 579.810067 422.902462 323.476208 260.111772 221.348680 197.045409 147.668887 103.550914 74.385414 561.006087 466.657880 365.232355 311.366952 217.439665
121.650000 580.045136 423.076628 323.611706 260.222576 221.444348 197.131573 147.735688 103.600323 74.423244 561.233862 466.849041 365.384102 311.497735 217.533806
121.700000 580.280200 423.250791 323.747203 260.333379 221.540016 197.217735 147.802487 103.649731 74.461073 561.461633 467.040199 365.535847 311.628516 217.627946
121.750000 580.515260 423.424951 323.882697 260.444180 221.635682 197.303896 147.869286 103.699139 74.498902 561.689401 467.231353 365.687589 311.759295 217.722084
121.800000 580.750316 423.599108 324.018189 260.554980 221.731346 197.390056 147.936084 103.748546 74.536730 561.917164 467.422505 365.839329 311.890072 217.816220
121.850000 580.985368 423.773262 324.153678 260.665777 221.827009 197.476214 148.002880 103.797952 74.574558 562.144923 467.613653 365.991067 312.020847 217.910355
121.900000 581.220416 423.947413 324.289166 260.776573 221.922670 197.562372 148.069676 103.847358 74.612385 562.372679 467.804797 366.142801 312.151619 218.004489
